(
AAW47806.1:0.00000,
AAW47817.1:0.01149,
AAW47818.1:0.02299);
