(
AER58639.1:0.79574,
AAW47818.1:0.06633,
AAX07093.1:0.06308);
