(
AER58617.1:0.80162,
AAW47818.1:0.06045,
AAX07093.1:0.06897);
