(
AAW47806.1:0.01163,
AAW47817.1:-0.00014,
AAX07093.1:0.09425);
